4.129193433261955648e-01
6.310968355936236174e-01
7.360218891268142105e-01
8.041874851296693105e-01
8.545086842731381971e-01
8.856768974541994188e-01
9.064953604568165568e-01
9.095883892457767850e-01
9.204139900071377500e-01
9.279086366880799908e-01
9.490839876278848175e-01
9.403997144896502069e-01
9.464668094218415817e-01
9.463478467761122781e-01
9.467047347133000779e-01
9.329050678087080772e-01
9.467047347133000779e-01
9.536045681655960227e-01
9.575303354746609319e-01
9.494408755650726173e-01
9.599095883892457826e-01
9.630026171782060107e-01
