2.162935052162561878e+00
1.206269528621282339e+00
8.199241237762646684e-01
5.916681282031230893e-01
4.333282902072637666e-01
3.458544901357247237e-01
2.863115060310333360e-01
2.726385324524763232e-01
2.441015625611329676e-01
2.118232834081237026e-01
1.585879702216539677e-01
1.704542082376205026e-01
1.601212401396762131e-01
1.582428220516214068e-01
1.623976802310118372e-01
1.980017943976399297e-01
1.558948372108623082e-01
1.348208405722219339e-01
1.329790912687969506e-01
1.452800434751388425e-01
1.235908308329108501e-01
1.064625420213605317e-01
